X_1(3,:) = 4;
X_2(3,:) = 43;
X_3(3,:) = 81;
X_4(3,:) = 119;
X_5(3,:) = 158;