X_1(3,:) = 50;
% X_2(3,:) = 51;
% X_3(3,:) = 89;
% X_4(3,:) = 127;
% X_5(3,:) = 164;